11000000 
12345678 
89878780 
54578453 
85748453 
11000000 
11111111
12345678 
89878780 
54578453 
85748453 
11000000 
12345678 
89878780 
54578453 
99999999
11000000 
12345678 
89878780 
54578453 
85748453 
11000000 
12345678 
89878780
77777777 
54578453 
85748453 
11000000 
12345678 
89878780 
54578453 
85748453 
11000000 
12345678 
89878780 
54578453 
85748453 
11000000 
12345678 
89878780 
54578453 
85748453 
11000000 
12345678 
89878780 
54578453 
85748453 
11000000 
12345678 
89878780 
54578453 
85748453 
11000000 
12345678 
89878780 
54578453 
85748453 
11000000 
12345678 
89878780 
54578453 
85748453 
11000000 
12345678 
89878780 
54578453 
85748453 
11000000 
12345678 
89878780 
54578453 
85748453 
11000000 
12345678 
89878780 
54578453 
85748453 
11000000 